240
0.0 0.0 0.0 
-0.0249292626977 -0.227841690183 -1.40012234624e-05 
0.0 0.0 1.0 
0.342463821173 -0.13954526186 0.542041897774 
0.0 0.0 2.0 
0.749129116535 -0.0757963731885 1.08409786224 
0.0 0.0 3.0 
1.17046368122 -0.0250935312361 1.62615382671 
0.0 0.0 4.0 
1.59840798378 0.0322312861681 2.16820955276 
0.0 0.0 5.0 
1.97812497616 0.0941937938333 2.71026539803 
0.0 0.0 6.0 
2.37875080109 0.175848558545 3.2523214817 
0.0 0.0 7.0 
2.75744247437 0.264463692904 3.79437732697 
0.0 1.0 0.0 
-0.0249292626977 -0.0703126043081 -1.40012234624e-05 
0.0 1.0 1.0 
0.342463821173 -0.0275026112795 0.542041897774 
0.0 1.0 2.0 
0.749129116535 0.0081522539258 1.08409786224 
0.0 1.0 3.0 
1.17046368122 0.0488105639815 1.62615382671 
0.0 1.0 4.0 
1.59840798378 0.0994593426585 2.16820955276 
0.0 1.0 5.0 
1.97812497616 0.155442863703 2.71026539803 
0.0 1.0 6.0 
2.37875080109 0.233661174774 3.2523214817 
0.0 1.0 7.0 
2.75744247437 0.315468430519 3.79437732697 
0.0 2.0 0.0 
-0.0249292626977 0.0872164815664 -1.40012234624e-05 
0.0 2.0 1.0 
0.342463821173 0.0845400393009 0.542041897774 
0.0 2.0 2.0 
0.749129116535 0.0921008810401 1.08409786224 
0.0 2.0 3.0 
1.17046368122 0.122714661062 1.62615382671 
0.0 2.0 4.0 
1.59840798378 0.166687399149 2.16820955276 
0.0 2.0 5.0 
1.97812497616 0.216691926122 2.71026539803 
0.0 2.0 6.0 
2.37875080109 0.291473776102 3.2523214817 
0.0 2.0 7.0 
2.75744247437 0.366473168135 3.79437732697 
1.0 0.0 0.0 
0.172174274921 -0.227841690183 -1.40012234624e-05 
1.0 0.0 1.0 
0.507315993309 -0.13954526186 0.542041897774 
1.0 0.0 2.0 
0.880051314831 -0.0757963731885 1.08409786224 
1.0 0.0 3.0 
1.28431010246 -0.0250935312361 1.62615382671 
1.0 0.0 4.0 
1.69698011875 0.0322312861681 2.16820955276 
1.0 0.0 5.0 
2.06228518486 0.0941937938333 2.71026539803 
1.0 0.0 6.0 
2.44980406761 0.175848558545 3.2523214817 
1.0 0.0 7.0 
2.81498599052 0.264463692904 3.79437732697 
1.0 1.0 0.0 
0.172174274921 -0.0703126043081 -1.40012234624e-05 
1.0 1.0 1.0 
0.507315993309 -0.0275026112795 0.542041897774 
1.0 1.0 2.0 
0.880051314831 0.0081522539258 1.08409786224 
1.0 1.0 3.0 
1.28431010246 0.0488105639815 1.62615382671 
1.0 1.0 4.0 
1.69698011875 0.0994593426585 2.16820955276 
1.0 1.0 5.0 
2.06228518486 0.155442863703 2.71026539803 
1.0 1.0 6.0 
2.44980406761 0.233661174774 3.2523214817 
1.0 1.0 7.0 
2.81498599052 0.315468430519 3.79437732697 
1.0 2.0 0.0 
0.172174274921 0.0872164815664 -1.40012234624e-05 
1.0 2.0 1.0 
0.507315993309 0.0845400393009 0.542041897774 
1.0 2.0 2.0 
0.880051314831 0.0921008810401 1.08409786224 
1.0 2.0 3.0 
1.28431010246 0.122714661062 1.62615382671 
1.0 2.0 4.0 
1.69698011875 0.166687399149 2.16820955276 
1.0 2.0 5.0 
2.06228518486 0.216691926122 2.71026539803 
1.0 2.0 6.0 
2.44980406761 0.291473776102 3.2523214817 
1.0 2.0 7.0 
2.81498599052 0.366473168135 3.79437732697 
2.0 0.0 0.0 
0.36927780509 -0.227841690183 -1.40012234624e-05 
2.0 0.0 1.0 
0.672168135643 -0.13954526186 0.542041897774 
2.0 0.0 2.0 
1.01097357273 -0.0757963731885 1.08409786224 
2.0 0.0 3.0 
1.39815664291 -0.0250935312361 1.62615382671 
2.0 0.0 4.0 
1.79555237293 0.0322312861681 2.16820955276 
2.0 0.0 5.0 
2.14644551277 0.0941937938333 2.71026539803 
2.0 0.0 6.0 
2.52085757256 0.175848558545 3.2523214817 
2.0 0.0 7.0 
2.87252950668 0.264463692904 3.79437732697 
2.0 1.0 0.0 
0.36927780509 -0.0703126043081 -1.40012234624e-05 
2.0 1.0 1.0 
0.672168135643 -0.0275026112795 0.542041897774 
2.0 1.0 2.0 
1.01097357273 0.0081522539258 1.08409786224 
2.0 1.0 3.0 
1.39815664291 0.0488105639815 1.62615382671 
2.0 1.0 4.0 
1.79555237293 0.0994593426585 2.16820955276 
2.0 1.0 5.0 
2.14644551277 0.155442863703 2.71026539803 
2.0 1.0 6.0 
2.52085757256 0.233661174774 3.2523214817 
2.0 1.0 7.0 
2.87252950668 0.315468430519 3.79437732697 
2.0 2.0 0.0 
0.36927780509 0.0872164815664 -1.40012234624e-05 
2.0 2.0 1.0 
0.672168135643 0.0845400393009 0.542041897774 
2.0 2.0 2.0 
1.01097357273 0.0921008810401 1.08409786224 
2.0 2.0 3.0 
1.39815664291 0.122714661062 1.62615382671 
2.0 2.0 4.0 
1.79555237293 0.166687399149 2.16820955276 
2.0 2.0 5.0 
2.14644551277 0.216691926122 2.71026539803 
2.0 2.0 6.0 
2.52085757256 0.291473776102 3.2523214817 
2.0 2.0 7.0 
2.87252950668 0.366473168135 3.79437732697 
3.0 0.0 0.0 
0.566381335258 -0.227841690183 -1.40012234624e-05 
3.0 0.0 1.0 
0.837020277977 -0.13954526186 0.542041897774 
3.0 0.0 2.0 
1.14189577103 -0.0757963731885 1.08409786224 
3.0 0.0 3.0 
1.51200306416 -0.0250935312361 1.62615382671 
3.0 0.0 4.0 
1.8941245079 0.0322312861681 2.16820955276 
3.0 0.0 5.0 
2.23060584068 0.0941937938333 2.71026539803 
3.0 0.0 6.0 
2.59191083908 0.175848558545 3.2523214817 
3.0 0.0 7.0 
2.93007302284 0.264463692904 3.79437732697 
3.0 1.0 0.0 
0.566381335258 -0.0703126043081 -1.40012234624e-05 
3.0 1.0 1.0 
0.837020277977 -0.0275026112795 0.542041897774 
3.0 1.0 2.0 
1.14189577103 0.0081522539258 1.08409786224 
3.0 1.0 3.0 
1.51200306416 0.0488105639815 1.62615382671 
3.0 1.0 4.0 
1.8941245079 0.0994593426585 2.16820955276 
3.0 1.0 5.0 
2.23060584068 0.155442863703 2.71026539803 
3.0 1.0 6.0 
2.59191083908 0.233661174774 3.2523214817 
3.0 1.0 7.0 
2.93007302284 0.315468430519 3.79437732697 
3.0 2.0 0.0 
0.566381335258 0.0872164815664 -1.40012234624e-05 
3.0 2.0 1.0 
0.837020277977 0.0845400393009 0.542041897774 
3.0 2.0 2.0 
1.14189577103 0.0921008810401 1.08409786224 
3.0 2.0 3.0 
1.51200306416 0.122714661062 1.62615382671 
3.0 2.0 4.0 
1.8941245079 0.166687399149 2.16820955276 
3.0 2.0 5.0 
2.23060584068 0.216691926122 2.71026539803 
3.0 2.0 6.0 
2.59191083908 0.291473776102 3.2523214817 
3.0 2.0 7.0 
2.93007302284 0.366473168135 3.79437732697 
4.0 0.0 0.0 
0.763484835625 -0.227841690183 -1.40012234624e-05 
4.0 0.0 1.0 
1.00187242031 -0.13954526186 0.542041897774 
4.0 0.0 2.0 
1.27281796932 -0.0757963731885 1.08409786224 
4.0 0.0 3.0 
1.6258494854 -0.0250935312361 1.62615382671 
4.0 0.0 4.0 
1.99269664288 0.0322312861681 2.16820955276 
4.0 0.0 5.0 
2.31476616859 0.0941937938333 2.71026539803 
4.0 0.0 6.0 
2.66296434402 0.175848558545 3.2523214817 
4.0 0.0 7.0 
2.987616539 0.264463692904 3.79437732697 
4.0 1.0 0.0 
0.763484835625 -0.0703126043081 -1.40012234624e-05 
4.0 1.0 1.0 
1.00187242031 -0.0275026112795 0.542041897774 
4.0 1.0 2.0 
1.27281796932 0.0081522539258 1.08409786224 
4.0 1.0 3.0 
1.6258494854 0.0488105639815 1.62615382671 
4.0 1.0 4.0 
1.99269664288 0.0994593426585 2.16820955276 
4.0 1.0 5.0 
2.31476616859 0.155442863703 2.71026539803 
4.0 1.0 6.0 
2.66296434402 0.233661174774 3.2523214817 
4.0 1.0 7.0 
2.987616539 0.315468430519 3.79437732697 
4.0 2.0 0.0 
0.763484835625 0.0872164815664 -1.40012234624e-05 
4.0 2.0 1.0 
1.00187242031 0.0845400393009 0.542041897774 
4.0 2.0 2.0 
1.27281796932 0.0921008810401 1.08409786224 
4.0 2.0 3.0 
1.6258494854 0.122714661062 1.62615382671 
4.0 2.0 4.0 
1.99269664288 0.166687399149 2.16820955276 
4.0 2.0 5.0 
2.31476616859 0.216691926122 2.71026539803 
4.0 2.0 6.0 
2.66296434402 0.291473776102 3.2523214817 
4.0 2.0 7.0 
2.987616539 0.366473168135 3.79437732697 
5.0 0.0 0.0 
0.960588335991 -0.227841690183 -1.40012234624e-05 
5.0 0.0 1.0 
1.16672456264 -0.13954526186 0.542041897774 
5.0 0.0 2.0 
1.40374016762 -0.0757963731885 1.08409786224 
5.0 0.0 3.0 
1.73969590664 -0.0250935312361 1.62615382671 
5.0 0.0 4.0 
2.09126877785 0.0322312861681 2.16820955276 
5.0 0.0 5.0 
2.39892649651 0.0941937938333 2.71026539803 
5.0 0.0 6.0 
2.73401761055 0.175848558545 3.2523214817 
5.0 0.0 7.0 
3.04515981674 0.264463692904 3.79437732697 
5.0 1.0 0.0 
0.960588335991 -0.0703126043081 -1.40012234624e-05 
5.0 1.0 1.0 
1.16672456264 -0.0275026112795 0.542041897774 
5.0 1.0 2.0 
1.40374016762 0.0081522539258 1.08409786224 
5.0 1.0 3.0 
1.73969590664 0.0488105639815 1.62615382671 
5.0 1.0 4.0 
2.09126877785 0.0994593426585 2.16820955276 
5.0 1.0 5.0 
2.39892649651 0.155442863703 2.71026539803 
5.0 1.0 6.0 
2.73401761055 0.233661174774 3.2523214817 
5.0 1.0 7.0 
3.04515981674 0.315468430519 3.79437732697 
5.0 2.0 0.0 
0.960588335991 0.0872164815664 -1.40012234624e-05 
5.0 2.0 1.0 
1.16672456264 0.0845400393009 0.542041897774 
5.0 2.0 2.0 
1.40374016762 0.0921008810401 1.08409786224 
5.0 2.0 3.0 
1.73969590664 0.122714661062 1.62615382671 
5.0 2.0 4.0 
2.09126877785 0.166687399149 2.16820955276 
5.0 2.0 5.0 
2.39892649651 0.216691926122 2.71026539803 
5.0 2.0 6.0 
2.73401761055 0.291473776102 3.2523214817 
5.0 2.0 7.0 
3.04515981674 0.366473168135 3.79437732697 
6.0 0.0 0.0 
1.15769195557 -0.227841690183 -1.40012234624e-05 
6.0 0.0 1.0 
1.33157682419 -0.13954526186 0.542041897774 
6.0 0.0 2.0 
1.53466248512 -0.0757963731885 1.08409786224 
6.0 0.0 3.0 
1.85354232788 -0.0250935312361 1.62615382671 
6.0 0.0 4.0 
2.18984103203 0.0322312861681 2.16820955276 
6.0 0.0 5.0 
2.48308682442 0.0941937938333 2.71026539803 
6.0 0.0 6.0 
2.80507111549 0.175848558545 3.2523214817 
6.0 0.0 7.0 
3.1027033329 0.264463692904 3.79437732697 
6.0 1.0 0.0 
1.15769195557 -0.0703126043081 -1.40012234624e-05 
6.0 1.0 1.0 
1.33157682419 -0.0275026112795 0.542041897774 
6.0 1.0 2.0 
1.53466248512 0.0081522539258 1.08409786224 
6.0 1.0 3.0 
1.85354232788 0.0488105639815 1.62615382671 
6.0 1.0 4.0 
2.18984103203 0.0994593426585 2.16820955276 
6.0 1.0 5.0 
2.48308682442 0.155442863703 2.71026539803 
6.0 1.0 6.0 
2.80507111549 0.233661174774 3.2523214817 
6.0 1.0 7.0 
3.1027033329 0.315468430519 3.79437732697 
6.0 2.0 0.0 
1.15769195557 0.0872164815664 -1.40012234624e-05 
6.0 2.0 1.0 
1.33157682419 0.0845400393009 0.542041897774 
6.0 2.0 2.0 
1.53466248512 0.0921008810401 1.08409786224 
6.0 2.0 3.0 
1.85354232788 0.122714661062 1.62615382671 
6.0 2.0 4.0 
2.18984103203 0.166687399149 2.16820955276 
6.0 2.0 5.0 
2.48308682442 0.216691926122 2.71026539803 
6.0 2.0 6.0 
2.80507111549 0.291473776102 3.2523214817 
6.0 2.0 7.0 
3.1027033329 0.366473168135 3.79437732697 
7.0 0.0 0.0 
1.35479545593 -0.227841690183 -1.40012234624e-05 
7.0 0.0 1.0 
1.49642896652 -0.13954526186 0.542041897774 
7.0 0.0 2.0 
1.66558456421 -0.0757963731885 1.08409786224 
7.0 0.0 3.0 
1.96738886833 -0.0250935312361 1.62615382671 
7.0 0.0 4.0 
2.28841304779 0.0322312861681 2.16820955276 
7.0 0.0 5.0 
2.56724715233 0.0941937938333 2.71026539803 
7.0 0.0 6.0 
2.87612438202 0.175848558545 3.2523214817 
7.0 0.0 7.0 
3.16024684906 0.264463692904 3.79437732697 
7.0 1.0 0.0 
1.35479545593 -0.0703126043081 -1.40012234624e-05 
7.0 1.0 1.0 
1.49642896652 -0.0275026112795 0.542041897774 
7.0 1.0 2.0 
1.66558456421 0.0081522539258 1.08409786224 
7.0 1.0 3.0 
1.96738886833 0.0488105639815 1.62615382671 
7.0 1.0 4.0 
2.28841304779 0.0994593426585 2.16820955276 
7.0 1.0 5.0 
2.56724715233 0.155442863703 2.71026539803 
7.0 1.0 6.0 
2.87612438202 0.233661174774 3.2523214817 
7.0 1.0 7.0 
3.16024684906 0.315468430519 3.79437732697 
7.0 2.0 0.0 
1.35479545593 0.0872164815664 -1.40012234624e-05 
7.0 2.0 1.0 
1.49642896652 0.0845400393009 0.542041897774 
7.0 2.0 2.0 
1.66558456421 0.0921008810401 1.08409786224 
7.0 2.0 3.0 
1.96738886833 0.122714661062 1.62615382671 
7.0 2.0 4.0 
2.28841304779 0.166687399149 2.16820955276 
7.0 2.0 5.0 
2.56724715233 0.216691926122 2.71026539803 
7.0 2.0 6.0 
2.87612438202 0.291473776102 3.2523214817 
7.0 2.0 7.0 
3.16024684906 0.366473168135 3.79437732697 
8.0 0.0 0.0 
1.5518989563 -0.227841690183 -1.40012234624e-05 
8.0 0.0 1.0 
1.66128110886 -0.13954526186 0.542041897774 
8.0 0.0 2.0 
1.79650688171 -0.0757963731885 1.08409786224 
8.0 0.0 3.0 
2.08123540878 -0.0250935312361 1.62615382671 
8.0 0.0 4.0 
2.38698530197 0.0322312861681 2.16820955276 
8.0 0.0 5.0 
2.65140748024 0.0941937938333 2.71026539803 
8.0 0.0 6.0 
2.94717788696 0.175848558545 3.2523214817 
8.0 0.0 7.0 
3.21779036522 0.264463692904 3.79437732697 
8.0 1.0 0.0 
1.5518989563 -0.0703126043081 -1.40012234624e-05 
8.0 1.0 1.0 
1.66128110886 -0.0275026112795 0.542041897774 
8.0 1.0 2.0 
1.79650688171 0.0081522539258 1.08409786224 
8.0 1.0 3.0 
2.08123540878 0.0488105639815 1.62615382671 
8.0 1.0 4.0 
2.38698530197 0.0994593426585 2.16820955276 
8.0 1.0 5.0 
2.65140748024 0.155442863703 2.71026539803 
8.0 1.0 6.0 
2.94717788696 0.233661174774 3.2523214817 
8.0 1.0 7.0 
3.21779036522 0.315468430519 3.79437732697 
8.0 2.0 0.0 
1.5518989563 0.0872164815664 -1.40012234624e-05 
8.0 2.0 1.0 
1.66128110886 0.0845400393009 0.542041897774 
8.0 2.0 2.0 
1.79650688171 0.0921008810401 1.08409786224 
8.0 2.0 3.0 
2.08123540878 0.122714661062 1.62615382671 
8.0 2.0 4.0 
2.38698530197 0.166687399149 2.16820955276 
8.0 2.0 5.0 
2.65140748024 0.216691926122 2.71026539803 
8.0 2.0 6.0 
2.94717788696 0.291473776102 3.2523214817 
8.0 2.0 7.0 
3.21779036522 0.366473168135 3.79437732697 
9.0 0.0 0.0 
1.74900245667 -0.227841690183 -1.40012234624e-05 
9.0 0.0 1.0 
1.82613325119 -0.13954526186 0.542041897774 
9.0 0.0 2.0 
1.9274289608 -0.0757963731885 1.08409786224 
9.0 0.0 3.0 
2.19508171082 -0.0250935312361 1.62615382671 
9.0 0.0 4.0 
2.48555755615 0.0322312861681 2.16820955276 
9.0 0.0 5.0 
2.73556780815 0.0941937938333 2.71026539803 
9.0 0.0 6.0 
3.01823115349 0.175848558545 3.2523214817 
9.0 0.0 7.0 
3.27533388138 0.264463692904 3.79437732697 
9.0 1.0 0.0 
1.74900245667 -0.0703126043081 -1.40012234624e-05 
9.0 1.0 1.0 
1.82613325119 -0.0275026112795 0.542041897774 
9.0 1.0 2.0 
1.9274289608 0.0081522539258 1.08409786224 
9.0 1.0 3.0 
2.19508171082 0.0488105639815 1.62615382671 
9.0 1.0 4.0 
2.48555755615 0.0994593426585 2.16820955276 
9.0 1.0 5.0 
2.73556780815 0.155442863703 2.71026539803 
9.0 1.0 6.0 
3.01823115349 0.233661174774 3.2523214817 
9.0 1.0 7.0 
3.27533388138 0.315468430519 3.79437732697 
9.0 2.0 0.0 
1.74900245667 0.0872164815664 -1.40012234624e-05 
9.0 2.0 1.0 
1.82613325119 0.0845400393009 0.542041897774 
9.0 2.0 2.0 
1.9274289608 0.0921008810401 1.08409786224 
9.0 2.0 3.0 
2.19508171082 0.122714661062 1.62615382671 
9.0 2.0 4.0 
2.48555755615 0.166687399149 2.16820955276 
9.0 2.0 5.0 
2.73556780815 0.216691926122 2.71026539803 
9.0 2.0 6.0 
3.01823115349 0.291473776102 3.2523214817 
9.0 2.0 7.0 
3.27533388138 0.366473168135 3.79437732697 
