   9.9999997473787516E-006 ,    0.0000000000000000      , 
   9.9999997473787516E-006 ,    0.0000000000000000      , 
   9.9999997473787516E-006 ,    0.0000000000000000      , 
   9.9999997473787516E-006 ,    0.0000000000000000      , 
   9.9999997473787516E-006 ,    0.0000000000000000      , 
   9.9999997473787516E-006 ,    3.0000500380992889E-002 , 
   9.9999997473787516E-006 ,    3.0000500380992889E-002 , 
   9.9999997473787516E-006 ,    3.0000500380992889E-002 , 
   9.9999997473787516E-006 ,    3.0000500380992889E-002 , 
   9.9999997473787516E-006 ,    3.0000500380992889E-002 , 
   9.9999997473787516E-006 ,    6.0001000761985779E-002 , 
   9.9999997473787516E-006 ,    6.0001000761985779E-002 , 
   9.9999997473787516E-006 ,    6.0001000761985779E-002 , 
   9.9999997473787516E-006 ,    6.0001000761985779E-002 , 
   9.9999997473787516E-006 ,    6.0001000761985779E-002 , 
  0.11112010611032019      ,    0.0000000000000000      , 
  0.11112010611032019      ,    0.0000000000000000      , 
  0.11112010611032019      ,    0.0000000000000000      , 
  0.11112010611032019      ,    0.0000000000000000      , 
  0.11112010611032019      ,    0.0000000000000000      , 
  0.11112010611032019      ,    3.0000500380992889E-002 , 
  0.11112010611032019      ,    3.0000500380992889E-002 , 
  0.11112010611032019      ,    3.0000500380992889E-002 , 
  0.11112010611032019      ,    3.0000500380992889E-002 , 
  0.11112010611032019      ,    3.0000500380992889E-002 , 
  0.11112010611032019      ,    6.0001000761985779E-002 , 
  0.11112010611032019      ,    6.0001000761985779E-002 , 
  0.11112010611032019      ,    6.0001000761985779E-002 , 
  0.11112010611032019      ,    6.0001000761985779E-002 , 
  0.11112010611032019      ,    6.0001000761985779E-002 , 
  0.22223021222089301      ,    0.0000000000000000      , 
  0.22223021222089301      ,    0.0000000000000000      , 
  0.22223021222089301      ,    0.0000000000000000      , 
  0.22223021222089301      ,    0.0000000000000000      , 
  0.22223021222089301      ,    0.0000000000000000      , 
  0.22223021222089301      ,    3.0000500380992889E-002 , 
  0.22223021222089301      ,    3.0000500380992889E-002 , 
  0.22223021222089301      ,    3.0000500380992889E-002 , 
  0.22223021222089301      ,    3.0000500380992889E-002 , 
  0.22223021222089301      ,    3.0000500380992889E-002 , 
  0.22223021222089301      ,    6.0001000761985779E-002 , 
  0.22223021222089301      ,    6.0001000761985779E-002 , 
  0.22223021222089301      ,    6.0001000761985779E-002 , 
  0.22223021222089301      ,    6.0001000761985779E-002 , 
  0.22223021222089301      ,    6.0001000761985779E-002 , 
  0.33334033323262702      ,    0.0000000000000000      , 
  0.33334033323262702      ,    0.0000000000000000      , 
  0.33334033323262702      ,    0.0000000000000000      , 
  0.33334033323262702      ,    0.0000000000000000      , 
  0.33334033323262702      ,    0.0000000000000000      , 
  0.33334033323262702      ,    3.0000500380992889E-002 , 
  0.33334033323262702      ,    3.0000500380992889E-002 , 
  0.33334033323262702      ,    3.0000500380992889E-002 , 
  0.33334033323262702      ,    3.0000500380992889E-002 , 
  0.33334033323262702      ,    3.0000500380992889E-002 , 
  0.33334033323262702      ,    6.0001000761985779E-002 , 
  0.33334033323262702      ,    6.0001000761985779E-002 , 
  0.33334033323262702      ,    6.0001000761985779E-002 , 
  0.33334033323262702      ,    6.0001000761985779E-002 , 
  0.33334033323262702      ,    6.0001000761985779E-002 , 
  0.44445042444203864      ,    0.0000000000000000      , 
  0.44445042444203864      ,    0.0000000000000000      , 
  0.44445042444203864      ,    0.0000000000000000      , 
  0.44445042444203864      ,    0.0000000000000000      , 
  0.44445042444203864      ,    0.0000000000000000      , 
  0.44445042444203864      ,    3.0000500380992889E-002 , 
  0.44445042444203864      ,    3.0000500380992889E-002 , 
  0.44445042444203864      ,    3.0000500380992889E-002 , 
  0.44445042444203864      ,    3.0000500380992889E-002 , 
  0.44445042444203864      ,    3.0000500380992889E-002 , 
  0.44445042444203864      ,    6.0001000761985779E-002 , 
  0.44445042444203864      ,    6.0001000761985779E-002 , 
  0.44445042444203864      ,    6.0001000761985779E-002 , 
  0.44445042444203864      ,    6.0001000761985779E-002 , 
  0.44445042444203864      ,    6.0001000761985779E-002 , 
  0.55556051565145026      ,    0.0000000000000000      , 
  0.55556051565145026      ,    0.0000000000000000      , 
  0.55556051565145026      ,    0.0000000000000000      , 
  0.55556051565145026      ,    0.0000000000000000      , 
  0.55556051565145026      ,    0.0000000000000000      , 
  0.55556051565145026      ,    3.0000500380992889E-002 , 
  0.55556051565145026      ,    3.0000500380992889E-002 , 
  0.55556051565145026      ,    3.0000500380992889E-002 , 
  0.55556051565145026      ,    3.0000500380992889E-002 , 
  0.55556051565145026      ,    3.0000500380992889E-002 , 
  0.55556051565145026      ,    6.0001000761985779E-002 , 
  0.55556051565145026      ,    6.0001000761985779E-002 , 
  0.55556051565145026      ,    6.0001000761985779E-002 , 
  0.55556051565145026      ,    6.0001000761985779E-002 , 
  0.55556051565145026      ,    6.0001000761985779E-002 , 
  0.66667066646550666      ,    0.0000000000000000      , 
  0.66667066646550666      ,    0.0000000000000000      , 
  0.66667066646550666      ,    0.0000000000000000      , 
  0.66667066646550666      ,    0.0000000000000000      , 
  0.66667066646550666      ,    0.0000000000000000      , 
  0.66667066646550666      ,    3.0000500380992889E-002 , 
  0.66667066646550666      ,    3.0000500380992889E-002 , 
  0.66667066646550666      ,    3.0000500380992889E-002 , 
  0.66667066646550666      ,    3.0000500380992889E-002 , 
  0.66667066646550666      ,    3.0000500380992889E-002 , 
  0.66667066646550666      ,    6.0001000761985779E-002 , 
  0.66667066646550666      ,    6.0001000761985779E-002 , 
  0.66667066646550666      ,    6.0001000761985779E-002 , 
  0.66667066646550666      ,    6.0001000761985779E-002 , 
  0.66667066646550666      ,    6.0001000761985779E-002 , 
  0.77778075767491828      ,    0.0000000000000000      , 
  0.77778075767491828      ,    0.0000000000000000      , 
  0.77778075767491828      ,    0.0000000000000000      , 
  0.77778075767491828      ,    0.0000000000000000      , 
  0.77778075767491828      ,    0.0000000000000000      , 
  0.77778075767491828      ,    3.0000500380992889E-002 , 
  0.77778075767491828      ,    3.0000500380992889E-002 , 
  0.77778075767491828      ,    3.0000500380992889E-002 , 
  0.77778075767491828      ,    3.0000500380992889E-002 , 
  0.77778075767491828      ,    3.0000500380992889E-002 , 
  0.77778075767491828      ,    6.0001000761985779E-002 , 
  0.77778075767491828      ,    6.0001000761985779E-002 , 
  0.77778075767491828      ,    6.0001000761985779E-002 , 
  0.77778075767491828      ,    6.0001000761985779E-002 , 
  0.77778075767491828      ,    6.0001000761985779E-002 , 
  0.88889084888432990      ,    0.0000000000000000      , 
  0.88889084888432990      ,    0.0000000000000000      , 
  0.88889084888432990      ,    0.0000000000000000      , 
  0.88889084888432990      ,    0.0000000000000000      , 
  0.88889084888432990      ,    0.0000000000000000      , 
  0.88889084888432990      ,    3.0000500380992889E-002 , 
  0.88889084888432990      ,    3.0000500380992889E-002 , 
  0.88889084888432990      ,    3.0000500380992889E-002 , 
  0.88889084888432990      ,    3.0000500380992889E-002 , 
  0.88889084888432990      ,    3.0000500380992889E-002 , 
  0.88889084888432990      ,    6.0001000761985779E-002 , 
  0.88889084888432990      ,    6.0001000761985779E-002 , 
  0.88889084888432990      ,    6.0001000761985779E-002 , 
  0.88889084888432990      ,    6.0001000761985779E-002 , 
  0.88889084888432990      ,    6.0001000761985779E-002 , 
   1.0000009400937415      ,    0.0000000000000000      , 
   1.0000009400937415      ,    0.0000000000000000      , 
   1.0000009400937415      ,    0.0000000000000000      , 
   1.0000009400937415      ,    0.0000000000000000      , 
   1.0000009400937415      ,    0.0000000000000000      , 
   1.0000009400937415      ,    3.0000500380992889E-002 , 
   1.0000009400937415      ,    3.0000500380992889E-002 , 
   1.0000009400937415      ,    3.0000500380992889E-002 , 
   1.0000009400937415      ,    3.0000500380992889E-002 , 
   1.0000009400937415      ,    3.0000500380992889E-002 , 
   1.0000009400937415      ,    6.0001000761985779E-002 , 
   1.0000009400937415      ,    6.0001000761985779E-002 , 
   1.0000009400937415      ,    6.0001000761985779E-002 , 
   1.0000009400937415      ,    6.0001000761985779E-002 , 
   1.0000009400937415      ,    6.0001000761985779E-002 , 
